choose to use gpu...
3 {'env_name': '34Bus', 'seed': 123456, 'num_steps': 1000, 'num_workers': 'None', 'use_plot': False, 'do_testing': False, 'mode': 'single', 'useS': True, 'big2small': False}
make_train_env= 3
make_eval_env= 3
share_observation_space:  [Box([ 0.8  0.8  0.8  0.8  0.8  0.8  0.8  0.8  0.8  0.8  0.8  0.8  0.8  0.8
  0.8  0.8  0.8  0.8  0.8  0.8  0.8  0.8  0.8  0.8  0.8  0.8  0.8  0.8
  0.8  0.8  0.8  0.8  0.8  0.8  0.8  0.8  0.8  0.8  0.8  0.8  0.8  0.8
  0.8  0.8  0.8  0.8  0.8  0.8  0.8  0.8  0.8  0.8  0.8  0.8  0.8  0.8
  0.8  0.8  0.8  0.8  0.8  0.8  0.8  0.8  0.8  0.8  0.8  0.8  0.8  0.8
  0.8  0.8  0.8  0.8  0.8  0.8  0.8  0.8  0.8  0.8  0.8  0.8  0.8  0.8
  0.8  0.8  0.8  0.8  0.8  0.8  0.8  0.8  0.8  0.8  0.8  0.   0.   0.
  0.   0.   0.   0.   0.   0.  -1.   0.  -1. ], [ 1.2  1.2  1.2  1.2  1.2  1.2  1.2  1.2  1.2  1.2  1.2  1.2  1.2  1.2
  1.2  1.2  1.2  1.2  1.2  1.2  1.2  1.2  1.2  1.2  1.2  1.2  1.2  1.2
  1.2  1.2  1.2  1.2  1.2  1.2  1.2  1.2  1.2  1.2  1.2  1.2  1.2  1.2
  1.2  1.2  1.2  1.2  1.2  1.2  1.2  1.2  1.2  1.2  1.2  1.2  1.2  1.2
  1.2  1.2  1.2  1.2  1.2  1.2  1.2  1.2  1.2  1.2  1.2  1.2  1.2  1.2
  1.2  1.2  1.2  1.2  1.2  1.2  1.2  1.2  1.2  1.2  1.2  1.2  1.2  1.2
  1.2  1.2  1.2  1.2  1.2  1.2  1.2  1.2  1.2  1.2  1.2  1.   1.  33.
 33.  33.  33.  33.  33.   1.   1.   1.   1. ], (107,), float32), Box([ 0.8  0.8  0.8  0.8  0.8  0.8  0.8  0.8  0.8  0.8  0.8  0.8  0.8  0.8
  0.8  0.8  0.8  0.8  0.8  0.8  0.8  0.8  0.8  0.8  0.8  0.8  0.8  0.8
  0.8  0.8  0.8  0.8  0.8  0.8  0.8  0.8  0.8  0.8  0.8  0.8  0.8  0.8
  0.8  0.8  0.8  0.8  0.8  0.8  0.8  0.8  0.8  0.8  0.8  0.8  0.8  0.8
  0.8  0.8  0.8  0.8  0.8  0.8  0.8  0.8  0.8  0.8  0.8  0.8  0.8  0.8
  0.8  0.8  0.8  0.8  0.8  0.8  0.8  0.8  0.8  0.8  0.8  0.8  0.8  0.8
  0.8  0.8  0.8  0.8  0.8  0.8  0.8  0.8  0.8  0.8  0.8  0.   0.   0.
  0.   0.   0.   0.   0.   0.  -1.   0.  -1. ], [ 1.2  1.2  1.2  1.2  1.2  1.2  1.2  1.2  1.2  1.2  1.2  1.2  1.2  1.2
  1.2  1.2  1.2  1.2  1.2  1.2  1.2  1.2  1.2  1.2  1.2  1.2  1.2  1.2
  1.2  1.2  1.2  1.2  1.2  1.2  1.2  1.2  1.2  1.2  1.2  1.2  1.2  1.2
  1.2  1.2  1.2  1.2  1.2  1.2  1.2  1.2  1.2  1.2  1.2  1.2  1.2  1.2
  1.2  1.2  1.2  1.2  1.2  1.2  1.2  1.2  1.2  1.2  1.2  1.2  1.2  1.2
  1.2  1.2  1.2  1.2  1.2  1.2  1.2  1.2  1.2  1.2  1.2  1.2  1.2  1.2
  1.2  1.2  1.2  1.2  1.2  1.2  1.2  1.2  1.2  1.2  1.2  1.   1.  33.
 33.  33.  33.  33.  33.   1.   1.   1.   1. ], (107,), float32), Box([ 0.8  0.8  0.8  0.8  0.8  0.8  0.8  0.8  0.8  0.8  0.8  0.8  0.8  0.8
  0.8  0.8  0.8  0.8  0.8  0.8  0.8  0.8  0.8  0.8  0.8  0.8  0.8  0.8
  0.8  0.8  0.8  0.8  0.8  0.8  0.8  0.8  0.8  0.8  0.8  0.8  0.8  0.8
  0.8  0.8  0.8  0.8  0.8  0.8  0.8  0.8  0.8  0.8  0.8  0.8  0.8  0.8
  0.8  0.8  0.8  0.8  0.8  0.8  0.8  0.8  0.8  0.8  0.8  0.8  0.8  0.8
  0.8  0.8  0.8  0.8  0.8  0.8  0.8  0.8  0.8  0.8  0.8  0.8  0.8  0.8
  0.8  0.8  0.8  0.8  0.8  0.8  0.8  0.8  0.8  0.8  0.8  0.   0.   0.
  0.   0.   0.   0.   0.   0.  -1.   0.  -1. ], [ 1.2  1.2  1.2  1.2  1.2  1.2  1.2  1.2  1.2  1.2  1.2  1.2  1.2  1.2
  1.2  1.2  1.2  1.2  1.2  1.2  1.2  1.2  1.2  1.2  1.2  1.2  1.2  1.2
  1.2  1.2  1.2  1.2  1.2  1.2  1.2  1.2  1.2  1.2  1.2  1.2  1.2  1.2
  1.2  1.2  1.2  1.2  1.2  1.2  1.2  1.2  1.2  1.2  1.2  1.2  1.2  1.2
  1.2  1.2  1.2  1.2  1.2  1.2  1.2  1.2  1.2  1.2  1.2  1.2  1.2  1.2
  1.2  1.2  1.2  1.2  1.2  1.2  1.2  1.2  1.2  1.2  1.2  1.2  1.2  1.2
  1.2  1.2  1.2  1.2  1.2  1.2  1.2  1.2  1.2  1.2  1.2  1.   1.  33.
 33.  33.  33.  33.  33.   1.   1.   1.   1. ], (107,), float32), Box([ 0.8  0.8  0.8  0.8  0.8  0.8  0.8  0.8  0.8  0.8  0.8  0.8  0.8  0.8
  0.8  0.8  0.8  0.8  0.8  0.8  0.8  0.8  0.8  0.8  0.8  0.8  0.8  0.8
  0.8  0.8  0.8  0.8  0.8  0.8  0.8  0.8  0.8  0.8  0.8  0.8  0.8  0.8
  0.8  0.8  0.8  0.8  0.8  0.8  0.8  0.8  0.8  0.8  0.8  0.8  0.8  0.8
  0.8  0.8  0.8  0.8  0.8  0.8  0.8  0.8  0.8  0.8  0.8  0.8  0.8  0.8
  0.8  0.8  0.8  0.8  0.8  0.8  0.8  0.8  0.8  0.8  0.8  0.8  0.8  0.8
  0.8  0.8  0.8  0.8  0.8  0.8  0.8  0.8  0.8  0.8  0.8  0.   0.   0.
  0.   0.   0.   0.   0.   0.  -1.   0.  -1. ], [ 1.2  1.2  1.2  1.2  1.2  1.2  1.2  1.2  1.2  1.2  1.2  1.2  1.2  1.2
  1.2  1.2  1.2  1.2  1.2  1.2  1.2  1.2  1.2  1.2  1.2  1.2  1.2  1.2
  1.2  1.2  1.2  1.2  1.2  1.2  1.2  1.2  1.2  1.2  1.2  1.2  1.2  1.2
  1.2  1.2  1.2  1.2  1.2  1.2  1.2  1.2  1.2  1.2  1.2  1.2  1.2  1.2
  1.2  1.2  1.2  1.2  1.2  1.2  1.2  1.2  1.2  1.2  1.2  1.2  1.2  1.2
  1.2  1.2  1.2  1.2  1.2  1.2  1.2  1.2  1.2  1.2  1.2  1.2  1.2  1.2
  1.2  1.2  1.2  1.2  1.2  1.2  1.2  1.2  1.2  1.2  1.2  1.   1.  33.
 33.  33.  33.  33.  33.   1.   1.   1.   1. ], (107,), float32), Box([ 0.8  0.8  0.8  0.8  0.8  0.8  0.8  0.8  0.8  0.8  0.8  0.8  0.8  0.8
  0.8  0.8  0.8  0.8  0.8  0.8  0.8  0.8  0.8  0.8  0.8  0.8  0.8  0.8
  0.8  0.8  0.8  0.8  0.8  0.8  0.8  0.8  0.8  0.8  0.8  0.8  0.8  0.8
  0.8  0.8  0.8  0.8  0.8  0.8  0.8  0.8  0.8  0.8  0.8  0.8  0.8  0.8
  0.8  0.8  0.8  0.8  0.8  0.8  0.8  0.8  0.8  0.8  0.8  0.8  0.8  0.8
  0.8  0.8  0.8  0.8  0.8  0.8  0.8  0.8  0.8  0.8  0.8  0.8  0.8  0.8
  0.8  0.8  0.8  0.8  0.8  0.8  0.8  0.8  0.8  0.8  0.8  0.   0.   0.
  0.   0.   0.   0.   0.   0.  -1.   0.  -1. ], [ 1.2  1.2  1.2  1.2  1.2  1.2  1.2  1.2  1.2  1.2  1.2  1.2  1.2  1.2
  1.2  1.2  1.2  1.2  1.2  1.2  1.2  1.2  1.2  1.2  1.2  1.2  1.2  1.2
  1.2  1.2  1.2  1.2  1.2  1.2  1.2  1.2  1.2  1.2  1.2  1.2  1.2  1.2
  1.2  1.2  1.2  1.2  1.2  1.2  1.2  1.2  1.2  1.2  1.2  1.2  1.2  1.2
  1.2  1.2  1.2  1.2  1.2  1.2  1.2  1.2  1.2  1.2  1.2  1.2  1.2  1.2
  1.2  1.2  1.2  1.2  1.2  1.2  1.2  1.2  1.2  1.2  1.2  1.2  1.2  1.2
  1.2  1.2  1.2  1.2  1.2  1.2  1.2  1.2  1.2  1.2  1.2  1.   1.  33.
 33.  33.  33.  33.  33.   1.   1.   1.   1. ], (107,), float32), Box([ 0.8  0.8  0.8  0.8  0.8  0.8  0.8  0.8  0.8  0.8  0.8  0.8  0.8  0.8
  0.8  0.8  0.8  0.8  0.8  0.8  0.8  0.8  0.8  0.8  0.8  0.8  0.8  0.8
  0.8  0.8  0.8  0.8  0.8  0.8  0.8  0.8  0.8  0.8  0.8  0.8  0.8  0.8
  0.8  0.8  0.8  0.8  0.8  0.8  0.8  0.8  0.8  0.8  0.8  0.8  0.8  0.8
  0.8  0.8  0.8  0.8  0.8  0.8  0.8  0.8  0.8  0.8  0.8  0.8  0.8  0.8
  0.8  0.8  0.8  0.8  0.8  0.8  0.8  0.8  0.8  0.8  0.8  0.8  0.8  0.8
  0.8  0.8  0.8  0.8  0.8  0.8  0.8  0.8  0.8  0.8  0.8  0.   0.   0.
  0.   0.   0.   0.   0.   0.  -1.   0.  -1. ], [ 1.2  1.2  1.2  1.2  1.2  1.2  1.2  1.2  1.2  1.2  1.2  1.2  1.2  1.2
  1.2  1.2  1.2  1.2  1.2  1.2  1.2  1.2  1.2  1.2  1.2  1.2  1.2  1.2
  1.2  1.2  1.2  1.2  1.2  1.2  1.2  1.2  1.2  1.2  1.2  1.2  1.2  1.2
  1.2  1.2  1.2  1.2  1.2  1.2  1.2  1.2  1.2  1.2  1.2  1.2  1.2  1.2
  1.2  1.2  1.2  1.2  1.2  1.2  1.2  1.2  1.2  1.2  1.2  1.2  1.2  1.2
  1.2  1.2  1.2  1.2  1.2  1.2  1.2  1.2  1.2  1.2  1.2  1.2  1.2  1.2
  1.2  1.2  1.2  1.2  1.2  1.2  1.2  1.2  1.2  1.2  1.2  1.   1.  33.
 33.  33.  33.  33.  33.   1.   1.   1.   1. ], (107,), float32), Box([ 0.8  0.8  0.8  0.8  0.8  0.8  0.8  0.8  0.8  0.8  0.8  0.8  0.8  0.8
  0.8  0.8  0.8  0.8  0.8  0.8  0.8  0.8  0.8  0.8  0.8  0.8  0.8  0.8
  0.8  0.8  0.8  0.8  0.8  0.8  0.8  0.8  0.8  0.8  0.8  0.8  0.8  0.8
  0.8  0.8  0.8  0.8  0.8  0.8  0.8  0.8  0.8  0.8  0.8  0.8  0.8  0.8
  0.8  0.8  0.8  0.8  0.8  0.8  0.8  0.8  0.8  0.8  0.8  0.8  0.8  0.8
  0.8  0.8  0.8  0.8  0.8  0.8  0.8  0.8  0.8  0.8  0.8  0.8  0.8  0.8
  0.8  0.8  0.8  0.8  0.8  0.8  0.8  0.8  0.8  0.8  0.8  0.   0.   0.
  0.   0.   0.   0.   0.   0.  -1.   0.  -1. ], [ 1.2  1.2  1.2  1.2  1.2  1.2  1.2  1.2  1.2  1.2  1.2  1.2  1.2  1.2
  1.2  1.2  1.2  1.2  1.2  1.2  1.2  1.2  1.2  1.2  1.2  1.2  1.2  1.2
  1.2  1.2  1.2  1.2  1.2  1.2  1.2  1.2  1.2  1.2  1.2  1.2  1.2  1.2
  1.2  1.2  1.2  1.2  1.2  1.2  1.2  1.2  1.2  1.2  1.2  1.2  1.2  1.2
  1.2  1.2  1.2  1.2  1.2  1.2  1.2  1.2  1.2  1.2  1.2  1.2  1.2  1.2
  1.2  1.2  1.2  1.2  1.2  1.2  1.2  1.2  1.2  1.2  1.2  1.2  1.2  1.2
  1.2  1.2  1.2  1.2  1.2  1.2  1.2  1.2  1.2  1.2  1.2  1.   1.  33.
 33.  33.  33.  33.  33.   1.   1.   1.   1. ], (107,), float32), Box([ 0.8  0.8  0.8  0.8  0.8  0.8  0.8  0.8  0.8  0.8  0.8  0.8  0.8  0.8
  0.8  0.8  0.8  0.8  0.8  0.8  0.8  0.8  0.8  0.8  0.8  0.8  0.8  0.8
  0.8  0.8  0.8  0.8  0.8  0.8  0.8  0.8  0.8  0.8  0.8  0.8  0.8  0.8
  0.8  0.8  0.8  0.8  0.8  0.8  0.8  0.8  0.8  0.8  0.8  0.8  0.8  0.8
  0.8  0.8  0.8  0.8  0.8  0.8  0.8  0.8  0.8  0.8  0.8  0.8  0.8  0.8
  0.8  0.8  0.8  0.8  0.8  0.8  0.8  0.8  0.8  0.8  0.8  0.8  0.8  0.8
  0.8  0.8  0.8  0.8  0.8  0.8  0.8  0.8  0.8  0.8  0.8  0.   0.   0.
  0.   0.   0.   0.   0.   0.  -1.   0.  -1. ], [ 1.2  1.2  1.2  1.2  1.2  1.2  1.2  1.2  1.2  1.2  1.2  1.2  1.2  1.2
  1.2  1.2  1.2  1.2  1.2  1.2  1.2  1.2  1.2  1.2  1.2  1.2  1.2  1.2
  1.2  1.2  1.2  1.2  1.2  1.2  1.2  1.2  1.2  1.2  1.2  1.2  1.2  1.2
  1.2  1.2  1.2  1.2  1.2  1.2  1.2  1.2  1.2  1.2  1.2  1.2  1.2  1.2
  1.2  1.2  1.2  1.2  1.2  1.2  1.2  1.2  1.2  1.2  1.2  1.2  1.2  1.2
  1.2  1.2  1.2  1.2  1.2  1.2  1.2  1.2  1.2  1.2  1.2  1.2  1.2  1.2
  1.2  1.2  1.2  1.2  1.2  1.2  1.2  1.2  1.2  1.2  1.2  1.   1.  33.
 33.  33.  33.  33.  33.   1.   1.   1.   1. ], (107,), float32), Box([ 0.8  0.8  0.8  0.8  0.8  0.8  0.8  0.8  0.8  0.8  0.8  0.8  0.8  0.8
  0.8  0.8  0.8  0.8  0.8  0.8  0.8  0.8  0.8  0.8  0.8  0.8  0.8  0.8
  0.8  0.8  0.8  0.8  0.8  0.8  0.8  0.8  0.8  0.8  0.8  0.8  0.8  0.8
  0.8  0.8  0.8  0.8  0.8  0.8  0.8  0.8  0.8  0.8  0.8  0.8  0.8  0.8
  0.8  0.8  0.8  0.8  0.8  0.8  0.8  0.8  0.8  0.8  0.8  0.8  0.8  0.8
  0.8  0.8  0.8  0.8  0.8  0.8  0.8  0.8  0.8  0.8  0.8  0.8  0.8  0.8
  0.8  0.8  0.8  0.8  0.8  0.8  0.8  0.8  0.8  0.8  0.8  0.   0.   0.
  0.   0.   0.   0.   0.   0.  -1.   0.  -1. ], [ 1.2  1.2  1.2  1.2  1.2  1.2  1.2  1.2  1.2  1.2  1.2  1.2  1.2  1.2
  1.2  1.2  1.2  1.2  1.2  1.2  1.2  1.2  1.2  1.2  1.2  1.2  1.2  1.2
  1.2  1.2  1.2  1.2  1.2  1.2  1.2  1.2  1.2  1.2  1.2  1.2  1.2  1.2
  1.2  1.2  1.2  1.2  1.2  1.2  1.2  1.2  1.2  1.2  1.2  1.2  1.2  1.2
  1.2  1.2  1.2  1.2  1.2  1.2  1.2  1.2  1.2  1.2  1.2  1.2  1.2  1.2
  1.2  1.2  1.2  1.2  1.2  1.2  1.2  1.2  1.2  1.2  1.2  1.2  1.2  1.2
  1.2  1.2  1.2  1.2  1.2  1.2  1.2  1.2  1.2  1.2  1.2  1.   1.  33.
 33.  33.  33.  33.  33.   1.   1.   1.   1. ], (107,), float32), Box([ 0.8  0.8  0.8  0.8  0.8  0.8  0.8  0.8  0.8  0.8  0.8  0.8  0.8  0.8
  0.8  0.8  0.8  0.8  0.8  0.8  0.8  0.8  0.8  0.8  0.8  0.8  0.8  0.8
  0.8  0.8  0.8  0.8  0.8  0.8  0.8  0.8  0.8  0.8  0.8  0.8  0.8  0.8
  0.8  0.8  0.8  0.8  0.8  0.8  0.8  0.8  0.8  0.8  0.8  0.8  0.8  0.8
  0.8  0.8  0.8  0.8  0.8  0.8  0.8  0.8  0.8  0.8  0.8  0.8  0.8  0.8
  0.8  0.8  0.8  0.8  0.8  0.8  0.8  0.8  0.8  0.8  0.8  0.8  0.8  0.8
  0.8  0.8  0.8  0.8  0.8  0.8  0.8  0.8  0.8  0.8  0.8  0.   0.   0.
  0.   0.   0.   0.   0.   0.  -1.   0.  -1. ], [ 1.2  1.2  1.2  1.2  1.2  1.2  1.2  1.2  1.2  1.2  1.2  1.2  1.2  1.2
  1.2  1.2  1.2  1.2  1.2  1.2  1.2  1.2  1.2  1.2  1.2  1.2  1.2  1.2
  1.2  1.2  1.2  1.2  1.2  1.2  1.2  1.2  1.2  1.2  1.2  1.2  1.2  1.2
  1.2  1.2  1.2  1.2  1.2  1.2  1.2  1.2  1.2  1.2  1.2  1.2  1.2  1.2
  1.2  1.2  1.2  1.2  1.2  1.2  1.2  1.2  1.2  1.2  1.2  1.2  1.2  1.2
  1.2  1.2  1.2  1.2  1.2  1.2  1.2  1.2  1.2  1.2  1.2  1.2  1.2  1.2
  1.2  1.2  1.2  1.2  1.2  1.2  1.2  1.2  1.2  1.2  1.2  1.   1.  33.
 33.  33.  33.  33.  33.   1.   1.   1.   1. ], (107,), float32)]
observation_space:  [Box([ 0.8  0.8  0.8  0.8  0.8  0.8  0.8  0.8  0.8  0.8  0.8  0.8  0.8  0.8
  0.8  0.8  0.8  0.8  0.8  0.8  0.8  0.8  0.8  0.8  0.8  0.8  0.8  0.8
  0.8  0.8  0.8  0.8  0.8  0.8  0.8  0.8  0.8  0.8  0.8  0.8  0.8  0.8
  0.8  0.8  0.8  0.8  0.8  0.8  0.8  0.8  0.8  0.8  0.8  0.8  0.8  0.8
  0.8  0.8  0.8  0.8  0.8  0.8  0.8  0.8  0.8  0.8  0.8  0.8  0.8  0.8
  0.8  0.8  0.8  0.8  0.8  0.8  0.8  0.8  0.8  0.8  0.8  0.8  0.8  0.8
  0.8  0.8  0.8  0.8  0.8  0.8  0.8  0.8  0.8  0.8  0.8  0.   0.   0.
  0.   0.   0.   0.   0.   0.  -1.   0.  -1. ], [ 1.2  1.2  1.2  1.2  1.2  1.2  1.2  1.2  1.2  1.2  1.2  1.2  1.2  1.2
  1.2  1.2  1.2  1.2  1.2  1.2  1.2  1.2  1.2  1.2  1.2  1.2  1.2  1.2
  1.2  1.2  1.2  1.2  1.2  1.2  1.2  1.2  1.2  1.2  1.2  1.2  1.2  1.2
  1.2  1.2  1.2  1.2  1.2  1.2  1.2  1.2  1.2  1.2  1.2  1.2  1.2  1.2
  1.2  1.2  1.2  1.2  1.2  1.2  1.2  1.2  1.2  1.2  1.2  1.2  1.2  1.2
  1.2  1.2  1.2  1.2  1.2  1.2  1.2  1.2  1.2  1.2  1.2  1.2  1.2  1.2
  1.2  1.2  1.2  1.2  1.2  1.2  1.2  1.2  1.2  1.2  1.2  1.   1.  33.
 33.  33.  33.  33.  33.   1.   1.   1.   1. ], (107,), float32), Box([ 0.8  0.8  0.8  0.8  0.8  0.8  0.8  0.8  0.8  0.8  0.8  0.8  0.8  0.8
  0.8  0.8  0.8  0.8  0.8  0.8  0.8  0.8  0.8  0.8  0.8  0.8  0.8  0.8
  0.8  0.8  0.8  0.8  0.8  0.8  0.8  0.8  0.8  0.8  0.8  0.8  0.8  0.8
  0.8  0.8  0.8  0.8  0.8  0.8  0.8  0.8  0.8  0.8  0.8  0.8  0.8  0.8
  0.8  0.8  0.8  0.8  0.8  0.8  0.8  0.8  0.8  0.8  0.8  0.8  0.8  0.8
  0.8  0.8  0.8  0.8  0.8  0.8  0.8  0.8  0.8  0.8  0.8  0.8  0.8  0.8
  0.8  0.8  0.8  0.8  0.8  0.8  0.8  0.8  0.8  0.8  0.8  0.   0.   0.
  0.   0.   0.   0.   0.   0.  -1.   0.  -1. ], [ 1.2  1.2  1.2  1.2  1.2  1.2  1.2  1.2  1.2  1.2  1.2  1.2  1.2  1.2
  1.2  1.2  1.2  1.2  1.2  1.2  1.2  1.2  1.2  1.2  1.2  1.2  1.2  1.2
  1.2  1.2  1.2  1.2  1.2  1.2  1.2  1.2  1.2  1.2  1.2  1.2  1.2  1.2
  1.2  1.2  1.2  1.2  1.2  1.2  1.2  1.2  1.2  1.2  1.2  1.2  1.2  1.2
  1.2  1.2  1.2  1.2  1.2  1.2  1.2  1.2  1.2  1.2  1.2  1.2  1.2  1.2
  1.2  1.2  1.2  1.2  1.2  1.2  1.2  1.2  1.2  1.2  1.2  1.2  1.2  1.2
  1.2  1.2  1.2  1.2  1.2  1.2  1.2  1.2  1.2  1.2  1.2  1.   1.  33.
 33.  33.  33.  33.  33.   1.   1.   1.   1. ], (107,), float32), Box([ 0.8  0.8  0.8  0.8  0.8  0.8  0.8  0.8  0.8  0.8  0.8  0.8  0.8  0.8
  0.8  0.8  0.8  0.8  0.8  0.8  0.8  0.8  0.8  0.8  0.8  0.8  0.8  0.8
  0.8  0.8  0.8  0.8  0.8  0.8  0.8  0.8  0.8  0.8  0.8  0.8  0.8  0.8
  0.8  0.8  0.8  0.8  0.8  0.8  0.8  0.8  0.8  0.8  0.8  0.8  0.8  0.8
  0.8  0.8  0.8  0.8  0.8  0.8  0.8  0.8  0.8  0.8  0.8  0.8  0.8  0.8
  0.8  0.8  0.8  0.8  0.8  0.8  0.8  0.8  0.8  0.8  0.8  0.8  0.8  0.8
  0.8  0.8  0.8  0.8  0.8  0.8  0.8  0.8  0.8  0.8  0.8  0.   0.   0.
  0.   0.   0.   0.   0.   0.  -1.   0.  -1. ], [ 1.2  1.2  1.2  1.2  1.2  1.2  1.2  1.2  1.2  1.2  1.2  1.2  1.2  1.2
  1.2  1.2  1.2  1.2  1.2  1.2  1.2  1.2  1.2  1.2  1.2  1.2  1.2  1.2
  1.2  1.2  1.2  1.2  1.2  1.2  1.2  1.2  1.2  1.2  1.2  1.2  1.2  1.2
  1.2  1.2  1.2  1.2  1.2  1.2  1.2  1.2  1.2  1.2  1.2  1.2  1.2  1.2
  1.2  1.2  1.2  1.2  1.2  1.2  1.2  1.2  1.2  1.2  1.2  1.2  1.2  1.2
  1.2  1.2  1.2  1.2  1.2  1.2  1.2  1.2  1.2  1.2  1.2  1.2  1.2  1.2
  1.2  1.2  1.2  1.2  1.2  1.2  1.2  1.2  1.2  1.2  1.2  1.   1.  33.
 33.  33.  33.  33.  33.   1.   1.   1.   1. ], (107,), float32), Box([ 0.8  0.8  0.8  0.8  0.8  0.8  0.8  0.8  0.8  0.8  0.8  0.8  0.8  0.8
  0.8  0.8  0.8  0.8  0.8  0.8  0.8  0.8  0.8  0.8  0.8  0.8  0.8  0.8
  0.8  0.8  0.8  0.8  0.8  0.8  0.8  0.8  0.8  0.8  0.8  0.8  0.8  0.8
  0.8  0.8  0.8  0.8  0.8  0.8  0.8  0.8  0.8  0.8  0.8  0.8  0.8  0.8
  0.8  0.8  0.8  0.8  0.8  0.8  0.8  0.8  0.8  0.8  0.8  0.8  0.8  0.8
  0.8  0.8  0.8  0.8  0.8  0.8  0.8  0.8  0.8  0.8  0.8  0.8  0.8  0.8
  0.8  0.8  0.8  0.8  0.8  0.8  0.8  0.8  0.8  0.8  0.8  0.   0.   0.
  0.   0.   0.   0.   0.   0.  -1.   0.  -1. ], [ 1.2  1.2  1.2  1.2  1.2  1.2  1.2  1.2  1.2  1.2  1.2  1.2  1.2  1.2
  1.2  1.2  1.2  1.2  1.2  1.2  1.2  1.2  1.2  1.2  1.2  1.2  1.2  1.2
  1.2  1.2  1.2  1.2  1.2  1.2  1.2  1.2  1.2  1.2  1.2  1.2  1.2  1.2
  1.2  1.2  1.2  1.2  1.2  1.2  1.2  1.2  1.2  1.2  1.2  1.2  1.2  1.2
  1.2  1.2  1.2  1.2  1.2  1.2  1.2  1.2  1.2  1.2  1.2  1.2  1.2  1.2
  1.2  1.2  1.2  1.2  1.2  1.2  1.2  1.2  1.2  1.2  1.2  1.2  1.2  1.2
  1.2  1.2  1.2  1.2  1.2  1.2  1.2  1.2  1.2  1.2  1.2  1.   1.  33.
 33.  33.  33.  33.  33.   1.   1.   1.   1. ], (107,), float32), Box([ 0.8  0.8  0.8  0.8  0.8  0.8  0.8  0.8  0.8  0.8  0.8  0.8  0.8  0.8
  0.8  0.8  0.8  0.8  0.8  0.8  0.8  0.8  0.8  0.8  0.8  0.8  0.8  0.8
  0.8  0.8  0.8  0.8  0.8  0.8  0.8  0.8  0.8  0.8  0.8  0.8  0.8  0.8
  0.8  0.8  0.8  0.8  0.8  0.8  0.8  0.8  0.8  0.8  0.8  0.8  0.8  0.8
  0.8  0.8  0.8  0.8  0.8  0.8  0.8  0.8  0.8  0.8  0.8  0.8  0.8  0.8
  0.8  0.8  0.8  0.8  0.8  0.8  0.8  0.8  0.8  0.8  0.8  0.8  0.8  0.8
  0.8  0.8  0.8  0.8  0.8  0.8  0.8  0.8  0.8  0.8  0.8  0.   0.   0.
  0.   0.   0.   0.   0.   0.  -1.   0.  -1. ], [ 1.2  1.2  1.2  1.2  1.2  1.2  1.2  1.2  1.2  1.2  1.2  1.2  1.2  1.2
  1.2  1.2  1.2  1.2  1.2  1.2  1.2  1.2  1.2  1.2  1.2  1.2  1.2  1.2
  1.2  1.2  1.2  1.2  1.2  1.2  1.2  1.2  1.2  1.2  1.2  1.2  1.2  1.2
  1.2  1.2  1.2  1.2  1.2  1.2  1.2  1.2  1.2  1.2  1.2  1.2  1.2  1.2
  1.2  1.2  1.2  1.2  1.2  1.2  1.2  1.2  1.2  1.2  1.2  1.2  1.2  1.2
  1.2  1.2  1.2  1.2  1.2  1.2  1.2  1.2  1.2  1.2  1.2  1.2  1.2  1.2
  1.2  1.2  1.2  1.2  1.2  1.2  1.2  1.2  1.2  1.2  1.2  1.   1.  33.
 33.  33.  33.  33.  33.   1.   1.   1.   1. ], (107,), float32), Box([ 0.8  0.8  0.8  0.8  0.8  0.8  0.8  0.8  0.8  0.8  0.8  0.8  0.8  0.8
  0.8  0.8  0.8  0.8  0.8  0.8  0.8  0.8  0.8  0.8  0.8  0.8  0.8  0.8
  0.8  0.8  0.8  0.8  0.8  0.8  0.8  0.8  0.8  0.8  0.8  0.8  0.8  0.8
  0.8  0.8  0.8  0.8  0.8  0.8  0.8  0.8  0.8  0.8  0.8  0.8  0.8  0.8
  0.8  0.8  0.8  0.8  0.8  0.8  0.8  0.8  0.8  0.8  0.8  0.8  0.8  0.8
  0.8  0.8  0.8  0.8  0.8  0.8  0.8  0.8  0.8  0.8  0.8  0.8  0.8  0.8
  0.8  0.8  0.8  0.8  0.8  0.8  0.8  0.8  0.8  0.8  0.8  0.   0.   0.
  0.   0.   0.   0.   0.   0.  -1.   0.  -1. ], [ 1.2  1.2  1.2  1.2  1.2  1.2  1.2  1.2  1.2  1.2  1.2  1.2  1.2  1.2
  1.2  1.2  1.2  1.2  1.2  1.2  1.2  1.2  1.2  1.2  1.2  1.2  1.2  1.2
  1.2  1.2  1.2  1.2  1.2  1.2  1.2  1.2  1.2  1.2  1.2  1.2  1.2  1.2
  1.2  1.2  1.2  1.2  1.2  1.2  1.2  1.2  1.2  1.2  1.2  1.2  1.2  1.2
  1.2  1.2  1.2  1.2  1.2  1.2  1.2  1.2  1.2  1.2  1.2  1.2  1.2  1.2
  1.2  1.2  1.2  1.2  1.2  1.2  1.2  1.2  1.2  1.2  1.2  1.2  1.2  1.2
  1.2  1.2  1.2  1.2  1.2  1.2  1.2  1.2  1.2  1.2  1.2  1.   1.  33.
 33.  33.  33.  33.  33.   1.   1.   1.   1. ], (107,), float32), Box([ 0.8  0.8  0.8  0.8  0.8  0.8  0.8  0.8  0.8  0.8  0.8  0.8  0.8  0.8
  0.8  0.8  0.8  0.8  0.8  0.8  0.8  0.8  0.8  0.8  0.8  0.8  0.8  0.8
  0.8  0.8  0.8  0.8  0.8  0.8  0.8  0.8  0.8  0.8  0.8  0.8  0.8  0.8
  0.8  0.8  0.8  0.8  0.8  0.8  0.8  0.8  0.8  0.8  0.8  0.8  0.8  0.8
  0.8  0.8  0.8  0.8  0.8  0.8  0.8  0.8  0.8  0.8  0.8  0.8  0.8  0.8
  0.8  0.8  0.8  0.8  0.8  0.8  0.8  0.8  0.8  0.8  0.8  0.8  0.8  0.8
  0.8  0.8  0.8  0.8  0.8  0.8  0.8  0.8  0.8  0.8  0.8  0.   0.   0.
  0.   0.   0.   0.   0.   0.  -1.   0.  -1. ], [ 1.2  1.2  1.2  1.2  1.2  1.2  1.2  1.2  1.2  1.2  1.2  1.2  1.2  1.2
  1.2  1.2  1.2  1.2  1.2  1.2  1.2  1.2  1.2  1.2  1.2  1.2  1.2  1.2
  1.2  1.2  1.2  1.2  1.2  1.2  1.2  1.2  1.2  1.2  1.2  1.2  1.2  1.2
  1.2  1.2  1.2  1.2  1.2  1.2  1.2  1.2  1.2  1.2  1.2  1.2  1.2  1.2
  1.2  1.2  1.2  1.2  1.2  1.2  1.2  1.2  1.2  1.2  1.2  1.2  1.2  1.2
  1.2  1.2  1.2  1.2  1.2  1.2  1.2  1.2  1.2  1.2  1.2  1.2  1.2  1.2
  1.2  1.2  1.2  1.2  1.2  1.2  1.2  1.2  1.2  1.2  1.2  1.   1.  33.
 33.  33.  33.  33.  33.   1.   1.   1.   1. ], (107,), float32), Box([ 0.8  0.8  0.8  0.8  0.8  0.8  0.8  0.8  0.8  0.8  0.8  0.8  0.8  0.8
  0.8  0.8  0.8  0.8  0.8  0.8  0.8  0.8  0.8  0.8  0.8  0.8  0.8  0.8
  0.8  0.8  0.8  0.8  0.8  0.8  0.8  0.8  0.8  0.8  0.8  0.8  0.8  0.8
  0.8  0.8  0.8  0.8  0.8  0.8  0.8  0.8  0.8  0.8  0.8  0.8  0.8  0.8
  0.8  0.8  0.8  0.8  0.8  0.8  0.8  0.8  0.8  0.8  0.8  0.8  0.8  0.8
  0.8  0.8  0.8  0.8  0.8  0.8  0.8  0.8  0.8  0.8  0.8  0.8  0.8  0.8
  0.8  0.8  0.8  0.8  0.8  0.8  0.8  0.8  0.8  0.8  0.8  0.   0.   0.
  0.   0.   0.   0.   0.   0.  -1.   0.  -1. ], [ 1.2  1.2  1.2  1.2  1.2  1.2  1.2  1.2  1.2  1.2  1.2  1.2  1.2  1.2
  1.2  1.2  1.2  1.2  1.2  1.2  1.2  1.2  1.2  1.2  1.2  1.2  1.2  1.2
  1.2  1.2  1.2  1.2  1.2  1.2  1.2  1.2  1.2  1.2  1.2  1.2  1.2  1.2
  1.2  1.2  1.2  1.2  1.2  1.2  1.2  1.2  1.2  1.2  1.2  1.2  1.2  1.2
  1.2  1.2  1.2  1.2  1.2  1.2  1.2  1.2  1.2  1.2  1.2  1.2  1.2  1.2
  1.2  1.2  1.2  1.2  1.2  1.2  1.2  1.2  1.2  1.2  1.2  1.2  1.2  1.2
  1.2  1.2  1.2  1.2  1.2  1.2  1.2  1.2  1.2  1.2  1.2  1.   1.  33.
 33.  33.  33.  33.  33.   1.   1.   1.   1. ], (107,), float32), Box([ 0.8  0.8  0.8  0.8  0.8  0.8  0.8  0.8  0.8  0.8  0.8  0.8  0.8  0.8
  0.8  0.8  0.8  0.8  0.8  0.8  0.8  0.8  0.8  0.8  0.8  0.8  0.8  0.8
  0.8  0.8  0.8  0.8  0.8  0.8  0.8  0.8  0.8  0.8  0.8  0.8  0.8  0.8
  0.8  0.8  0.8  0.8  0.8  0.8  0.8  0.8  0.8  0.8  0.8  0.8  0.8  0.8
  0.8  0.8  0.8  0.8  0.8  0.8  0.8  0.8  0.8  0.8  0.8  0.8  0.8  0.8
  0.8  0.8  0.8  0.8  0.8  0.8  0.8  0.8  0.8  0.8  0.8  0.8  0.8  0.8
  0.8  0.8  0.8  0.8  0.8  0.8  0.8  0.8  0.8  0.8  0.8  0.   0.   0.
  0.   0.   0.   0.   0.   0.  -1.   0.  -1. ], [ 1.2  1.2  1.2  1.2  1.2  1.2  1.2  1.2  1.2  1.2  1.2  1.2  1.2  1.2
  1.2  1.2  1.2  1.2  1.2  1.2  1.2  1.2  1.2  1.2  1.2  1.2  1.2  1.2
  1.2  1.2  1.2  1.2  1.2  1.2  1.2  1.2  1.2  1.2  1.2  1.2  1.2  1.2
  1.2  1.2  1.2  1.2  1.2  1.2  1.2  1.2  1.2  1.2  1.2  1.2  1.2  1.2
  1.2  1.2  1.2  1.2  1.2  1.2  1.2  1.2  1.2  1.2  1.2  1.2  1.2  1.2
  1.2  1.2  1.2  1.2  1.2  1.2  1.2  1.2  1.2  1.2  1.2  1.2  1.2  1.2
  1.2  1.2  1.2  1.2  1.2  1.2  1.2  1.2  1.2  1.2  1.2  1.   1.  33.
 33.  33.  33.  33.  33.   1.   1.   1.   1. ], (107,), float32), Box([ 0.8  0.8  0.8  0.8  0.8  0.8  0.8  0.8  0.8  0.8  0.8  0.8  0.8  0.8
  0.8  0.8  0.8  0.8  0.8  0.8  0.8  0.8  0.8  0.8  0.8  0.8  0.8  0.8
  0.8  0.8  0.8  0.8  0.8  0.8  0.8  0.8  0.8  0.8  0.8  0.8  0.8  0.8
  0.8  0.8  0.8  0.8  0.8  0.8  0.8  0.8  0.8  0.8  0.8  0.8  0.8  0.8
  0.8  0.8  0.8  0.8  0.8  0.8  0.8  0.8  0.8  0.8  0.8  0.8  0.8  0.8
  0.8  0.8  0.8  0.8  0.8  0.8  0.8  0.8  0.8  0.8  0.8  0.8  0.8  0.8
  0.8  0.8  0.8  0.8  0.8  0.8  0.8  0.8  0.8  0.8  0.8  0.   0.   0.
  0.   0.   0.   0.   0.   0.  -1.   0.  -1. ], [ 1.2  1.2  1.2  1.2  1.2  1.2  1.2  1.2  1.2  1.2  1.2  1.2  1.2  1.2
  1.2  1.2  1.2  1.2  1.2  1.2  1.2  1.2  1.2  1.2  1.2  1.2  1.2  1.2
  1.2  1.2  1.2  1.2  1.2  1.2  1.2  1.2  1.2  1.2  1.2  1.2  1.2  1.2
  1.2  1.2  1.2  1.2  1.2  1.2  1.2  1.2  1.2  1.2  1.2  1.2  1.2  1.2
  1.2  1.2  1.2  1.2  1.2  1.2  1.2  1.2  1.2  1.2  1.2  1.2  1.2  1.2
  1.2  1.2  1.2  1.2  1.2  1.2  1.2  1.2  1.2  1.2  1.2  1.2  1.2  1.2
  1.2  1.2  1.2  1.2  1.2  1.2  1.2  1.2  1.2  1.2  1.2  1.   1.  33.
 33.  33.  33.  33.  33.   1.   1.   1.   1. ], (107,), float32)]
action_space:  [Discrete(2), Discrete(2), Discrete(33), Discrete(33), Discrete(33), Discrete(33), Discrete(33), Discrete(33), Discrete(33), Discrete(33)]
self.state_type= EP
start running
fixed_agent_order_reversed========================== [6, 9, 4, 3, 2, 8, 5, 0, 1, 7]
Env powergym Task 34Bus Algo happo Exp test updates 1/333 episodes, total num timesteps 72/24000, FPS 8.
Average step reward is -4.161101341247559.
Some episodes done, average episode reward is -99.86643010010346.

Evaluation average episode reward is -70.80497691402009.

fixed_agent_order_reversed========================== [5, 7, 9, 0, 1, 4, 3, 2, 6, 8]
Env powergym Task 34Bus Algo happo Exp test updates 2/333 episodes, total num timesteps 144/24000, FPS 5.
Average step reward is -4.084836959838867.
Some episodes done, average episode reward is -98.03607849362696.

Evaluation average episode reward is -78.14855385059273.

fixed_agent_order_reversed========================== [7, 9, 2, 3, 4, 0, 5, 1, 6, 8]
Env powergym Task 34Bus Algo happo Exp test updates 3/333 episodes, total num timesteps 216/24000, FPS 4.
Average step reward is -4.118861675262451.
Some episodes done, average episode reward is -98.85268329715063.

Evaluation average episode reward is -54.80797113142179.

fixed_agent_order_reversed========================== [6, 7, 9, 0, 1, 2, 4, 3, 8, 5]
Env powergym Task 34Bus Algo happo Exp test updates 4/333 episodes, total num timesteps 288/24000, FPS 4.
Average step reward is -3.9716763496398926.
Some episodes done, average episode reward is -95.32023705399068.

Evaluation average episode reward is -51.83390577958451.

fixed_agent_order_reversed========================== [6, 9, 0, 1, 7, 2, 5, 4, 3, 8]
Env powergym Task 34Bus Algo happo Exp test updates 5/333 episodes, total num timesteps 360/24000, FPS 4.
Average step reward is -4.013802528381348.
Some episodes done, average episode reward is -96.33125021902543.

Evaluation average episode reward is -56.3732912356002.

fixed_agent_order_reversed========================== [6, 9, 0, 1, 7, 5, 4, 2, 3, 8]
Env powergym Task 34Bus Algo happo Exp test updates 6/333 episodes, total num timesteps 432/24000, FPS 4.
Average step reward is -3.9027278423309326.
Some episodes done, average episode reward is -93.66546919382665.

Evaluation average episode reward is -67.32792635849565.

fixed_agent_order_reversed========================== [6, 1, 0, 9, 7, 5, 2, 4, 3, 8]
Env powergym Task 34Bus Algo happo Exp test updates 7/333 episodes, total num timesteps 504/24000, FPS 4.
Average step reward is -3.95038104057312.
Some episodes done, average episode reward is -94.80915200974448.

Evaluation average episode reward is -59.77995910752437.

fixed_agent_order_reversed========================== [6, 8, 9, 2, 0, 1, 7, 4, 3, 5]
Env powergym Task 34Bus Algo happo Exp test updates 8/333 episodes, total num timesteps 576/24000, FPS 4.
Average step reward is -4.131709575653076.
Some episodes done, average episode reward is -99.16102864217612.

Evaluation average episode reward is -59.31681958282147.

fixed_agent_order_reversed========================== [6, 9, 0, 1, 5, 7, 3, 4, 2, 8]
Env powergym Task 34Bus Algo happo Exp test updates 9/333 episodes, total num timesteps 648/24000, FPS 4.
Average step reward is -4.1966376304626465.
Some episodes done, average episode reward is -100.71929950570386.

Evaluation average episode reward is -58.12685797564139.

fixed_agent_order_reversed========================== [6, 9, 0, 1, 5, 2, 4, 3, 7, 8]
Env powergym Task 34Bus Algo happo Exp test updates 10/333 episodes, total num timesteps 720/24000, FPS 4.
Average step reward is -4.075305461883545.
Some episodes done, average episode reward is -97.80732248520626.

Evaluation average episode reward is -59.03060976245857.

fixed_agent_order_reversed========================== [6, 2, 9, 0, 1, 8, 4, 3, 5, 7]
Env powergym Task 34Bus Algo happo Exp test updates 11/333 episodes, total num timesteps 792/24000, FPS 4.
Average step reward is -3.860822916030884.
Some episodes done, average episode reward is -92.65974855109778.

Evaluation average episode reward is -68.08013623869168.

fixed_agent_order_reversed========================== [7, 6, 9, 0, 1, 3, 4, 2, 5, 8]
Env powergym Task 34Bus Algo happo Exp test updates 12/333 episodes, total num timesteps 864/24000, FPS 4.
Average step reward is -3.773707866668701.
Some episodes done, average episode reward is -90.56899081952993.

Evaluation average episode reward is -53.957534146263505.

fixed_agent_order_reversed========================== [6, 9, 0, 1, 5, 7, 4, 3, 8, 2]
Env powergym Task 34Bus Algo happo Exp test updates 13/333 episodes, total num timesteps 936/24000, FPS 3.
Average step reward is -3.783797025680542.
Some episodes done, average episode reward is -90.81112948671438.

Evaluation average episode reward is -61.129690333301745.

fixed_agent_order_reversed========================== [6, 9, 0, 1, 5, 7, 2, 3, 4, 8]
Env powergym Task 34Bus Algo happo Exp test updates 14/333 episodes, total num timesteps 1008/24000, FPS 3.
Average step reward is -3.847039222717285.
Some episodes done, average episode reward is -92.32893662869914.

Evaluation average episode reward is -49.95760897524835.

fixed_agent_order_reversed========================== [8, 4, 3, 2, 6, 7, 1, 0, 9, 5]
Env powergym Task 34Bus Algo happo Exp test updates 15/333 episodes, total num timesteps 1080/24000, FPS 3.
Average step reward is -3.685460329055786.
Some episodes done, average episode reward is -88.4510441071879.

Evaluation average episode reward is -61.803660458785494.

fixed_agent_order_reversed========================== [6, 9, 0, 1, 7, 8, 4, 5, 3, 2]
Env powergym Task 34Bus Algo happo Exp test updates 16/333 episodes, total num timesteps 1152/24000, FPS 3.
Average step reward is -3.83480167388916.
Some episodes done, average episode reward is -92.03523578940133.

Evaluation average episode reward is -58.1851728197828.

fixed_agent_order_reversed========================== [9, 6, 7, 0, 1, 5, 4, 3, 2, 8]
Env powergym Task 34Bus Algo happo Exp test updates 17/333 episodes, total num timesteps 1224/24000, FPS 3.
Average step reward is -3.8240890502929688.
Some episodes done, average episode reward is -91.77813345885677.

Evaluation average episode reward is -66.28991833578336.

fixed_agent_order_reversed========================== [6, 9, 0, 1, 7, 4, 5, 8, 3, 2]
Env powergym Task 34Bus Algo happo Exp test updates 18/333 episodes, total num timesteps 1296/24000, FPS 3.
Average step reward is -3.9030117988586426.
Some episodes done, average episode reward is -93.67228539274579.

Evaluation average episode reward is -70.66183701650716.

fixed_agent_order_reversed========================== [7, 9, 5, 0, 1, 8, 6, 4, 3, 2]
Env powergym Task 34Bus Algo happo Exp test updates 19/333 episodes, total num timesteps 1368/24000, FPS 3.
Average step reward is -3.7326583862304688.
Some episodes done, average episode reward is -89.58380218842058.

Evaluation average episode reward is -54.805232750937726.

fixed_agent_order_reversed========================== [9, 6, 5, 0, 1, 7, 2, 3, 4, 8]
Env powergym Task 34Bus Algo happo Exp test updates 20/333 episodes, total num timesteps 1440/24000, FPS 3.
Average step reward is -3.6189651489257812.
Some episodes done, average episode reward is -86.85516460418404.

Evaluation average episode reward is -62.59924119682022.

fixed_agent_order_reversed========================== [6, 9, 0, 1, 5, 4, 3, 8, 2, 7]
Env powergym Task 34Bus Algo happo Exp test updates 21/333 episodes, total num timesteps 1512/24000, FPS 3.
Average step reward is -3.51546573638916.
Some episodes done, average episode reward is -84.37117340713012.

Evaluation average episode reward is -40.28652934781268.

fixed_agent_order_reversed========================== [9, 5, 8, 7, 6, 0, 1, 3, 2, 4]
Env powergym Task 34Bus Algo happo Exp test updates 22/333 episodes, total num timesteps 1584/24000, FPS 3.
Average step reward is -3.422212600708008.
Some episodes done, average episode reward is -82.13310246412881.

Evaluation average episode reward is -39.91016238680559.

fixed_agent_order_reversed========================== [6, 9, 0, 1, 5, 7, 2, 4, 3, 8]
